1 1000002
2 1000019
3 1000020
4 1000021
5 1000022
6 1000023
7 1000025
8 1000026
9 1000027
10 1000028
11 1000029
12 1000030
13 1000033
14 1000034
15 1000035
16 1000036
17 1000037
18 1000038
19 1000039
20 1000040
21 1000041
22 1000044
23 1000047
24 1000049
25 1000050
26 1000051
27 1000054
28 1000055
29 1000056
30 1000057
31 1000058
32 1000059
33 1000060
34 1000061
35 1000063
36 1000065
37 1000067
38 1000070
39 1000071
40 1000072
41 1000073
42 1000075
43 1000076
44 1000077
45 1000079
46 1000080
47 1000082
48 1000083
49 1000084
50 1000087
51 1000088
52 1000090
53 1000091
54 1000092
55 1000094
56 1000095
57 1000096
58 1000097
59 1000098
60 1000099
61 1000100
62 1000101
63 1000102
64 1000103
65 1000104
66 1000105
67 1000106
68 1000107
69 1000108
70 1000109
71 1000110
72 1000111
73 1000112
74 1000114
75 1000115
76 1000116
77 1000117
78 1000119
79 1000120
80 1000122
81 1000124
82 1000125
83 1000127
84 1000128
85 1000129
86 1000130
87 1000131
88 1000134
89 1000140
90 1000141
91 1000142
92 1000143
93 1000144
94 1000145
95 1000146
96 1000147
97 1000148
98 1000151
99 1000153
100 1000154
101 1000157
102 1000158
103 1000159
104 1000160
105 1000163
106 1000164
107 1000165
108 1000166
109 1000167
110 1000168
111 1000169
112 1000171
113 1000172
114 1000173
115 1000174
116 1000176
117 1000177
118 1000178
119 1000180
120 1000181
121 1000182
122 1000183
123 1000184
124 1000185
125 1000186
126 1000187
127 1000189
128 1000190
129 1000192
130 1000195
131 1000196
132 1000197
133 1000198
134 1000199
135 1000200
136 1000201
137 1000202
138 1000203
139 1000204
140 1000205
141 1000206
142 1000208
143 1000209
144 1000210
145 1000212
146 1000213
147 1000215
148 1000216
149 1000217
150 1000218
151 1000219
152 1000220
153 1000221
154 1000222
155 1000224
156 1000225
157 1000226
158 1000227
159 1000228
160 1000231
161 1000232
162 1000235
163 1000236
164 1000238
165 1000239
166 1000241
167 1000243
168 1000244
169 1000245
170 1000246
171 1000247
172 1000248
173 1000249
174 1000250
175 1000251
176 1000253
177 1000256
178 1000258
179 1000259
180 1000260
181 1000261
182 1000263
183 1000265
184 1000267
185 1000268
186 1000271
187 1000272
188 1000273
189 1000274
190 1000275
191 1000277
192 1000278
193 1000280
194 1000282
195 1000285
196 1000286
197 1000288
198 1000291
199 1000295
200 1000296
201 1000297
202 1000298
203 1000300
204 1000301
205 1000302
206 1000303
207 1000304
208 1000305
209 1000306
210 1000307
211 1000308
212 1000309
213 1000310
214 1000312
215 1000313
216 1000314
217 1000315
218 1000316
219 1000318
220 1000319
221 1000320
222 1000321
223 1000322
224 1000323
225 1000324
226 1000325
227 1000326
228 1000327
229 1000328
230 1000329
231 1000330
232 1000331
233 1000333
234 1000334
235 1000335
236 1000336
237 1000337
238 1000338
239 1000339
240 1000340
241 1000341
242 1000342
243 1000343
244 1000344
245 1000345
246 1000346
247 1000347
248 1000348
249 1000349
250 1000351
251 1000352
252 1000353
253 1000354
254 1000355
255 1000356
256 1000357
257 1000358
258 1000360
259 1000362
260 1000363
261 1000364
262 1000365
263 1000366
264 1000368
265 1000372
266 1000374
267 1000375
268 1000376
269 1000380
270 1000381
271 1000382
272 1000383
273 1000384
274 1000385
275 1000386
276 1000387
277 1000390
278 1000391
279 1000394
280 1000395
281 1000396
282 1000397
283 1000398
284 1000399
285 1000401
286 1000402
287 1000404
288 1000405
289 1000408
290 1000410
291 1000411
292 1000412
293 1000413
294 1000414
295 1000415
296 1000416
297 1000417
298 1000418
299 1000420
300 1000422
301 1000424
302 1000425
303 1000428
304 1000429
305 1000430
306 1000432
307 1000437
308 1000439
309 1000440
310 1000442
311 1000443
312 1000446
313 1000447
314 1000449
315 1000452
316 1000453
317 1000454
318 1000456
319 1000459
320 1000460
321 1000461
322 1000463
323 1000465
324 1000466
325 1000467
326 1000468
327 1000469
328 1000471
329 1000472
330 1000474
331 1000475
332 1000476
333 1000478
334 1000479
335 1000482
336 1000483
337 1000484
338 1000488
339 1000489
340 1000490
341 1000491
342 1000494
343 1000495
344 1000499
345 1000501
346 1000503
347 1000505
348 1000507
349 1000509
350 1000510
351 1000511
352 1000512
353 1000515
354 1000516
355 1000517
356 1000518
357 1000519
358 1000520
359 1000523
360 1000524
361 1000526
362 1000528
363 1000529
364 1000530
365 1000531
366 1000532
367 1000533
368 1000534
369 1000535
370 1000536
371 1000537
372 1000538
373 1000541
374 1000542
375 1000543
376 1000544
377 1000547
378 1000548
379 1000549
380 1000550
381 1000551
382 1000552
383 1000554
384 1000555
385 1000556
386 1000557
387 1000558
388 1000559
389 1000560
390 1000561
391 1000562
392 1000563
393 1000564
394 1000565
395 1000567
396 1000568
397 1000570
398 1000573
399 1000574
400 1000576
401 1000577
402 1000579
403 1000580
404 1000581
405 1000583
406 1000584
407 1000585
408 1000586
409 1000587
410 1000589
411 1000590
412 1000591
413 1000592
414 1000593
415 1000594
416 1000595
417 1000596
418 1000598
419 1000599
420 1000600
421 1000601
422 1000602
423 1000603
424 1000604
425 1000605
426 1000606
427 1000607
428 1000608
429 1000611
430 1000613
431 1000614
432 1000615
433 1000616
434 1000617
435 1000618
436 1000619
437 1000620
438 1000623
439 1000626
440 1000628
441 1000629
442 1000634
443 1000635
444 1000639
445 1000640
446 1000641
447 1000643
448 1000644
449 1000645
450 1000647
451 1000648
452 1000649
453 1000650
454 1000651
455 1000653
456 1000655
457 1000657
458 1000658
459 1000659
460 1000660
461 1000662
462 1000663
463 1000664
464 1000665
465 1000669
466 1000670
467 1000671
468 1000675
469 1000676
470 1000677
471 1000680
472 1000682
473 1000685
474 1000686
475 1000687
476 1000689
477 1000690
478 1000691
479 1000693
480 1000694
481 1000695
482 1000696
483 1000697
484 1000699
485 1000700
486 1000701
487 1000702
488 1000704
489 1000706
490 1000708
491 1000709
492 1000710
493 1000711
494 1000713
495 1000714
496 1000716
497 1000717
498 1000718
499 1000719
500 1000720
501 1000721
502 1000722
503 1000723
504 1000724
505 1000725
506 1000726
507 1000727
508 1000728
509 1000729
510 1000730
511 1000731
512 1000733
513 1000734
514 1000736
515 1000738
516 1000742
517 1000744
518 1000745
519 1000746
520 1000747
521 1000749
522 1000750
523 1000751
524 1000752
525 1000753
526 1000754
527 1000755
528 1000756
529 1000757
530 1000758
531 1000759
532 1000760
533 1000764
534 1000765
535 1000766
536 1000767
537 1000768
538 1000769
539 1000771
540 1000772
541 1000773
542 1000774
543 1000775
544 1000779
545 1000781
546 1000782
547 1000783
548 1000784
549 1000785
550 1000786
551 1000787
552 1000788
553 1000789
554 1000790
555 1000791
556 1000792
557 1000793
558 1000794
559 1000795
560 1000796
561 1000797
562 1000798
563 1000799
564 1000800
565 1000801
566 1000802
567 1000803
568 1000804
569 1000805
570 1000806
571 1000807
572 1000808
573 1000809
574 1000810
575 1000811
576 1000812
577 1000813
578 1000815
579 1000816
580 1000817
581 1000820
582 1000821
583 1000822
584 1000823
585 1000824
586 1000825
587 1000826
588 1000827
589 1000828
590 1000829
591 1000830
592 1000832
593 1000833
594 1000834
595 1000835
596 1000836
597 1000837
598 1000838
599 1000839
600 1000841
601 1000842
602 1000844
603 1000845
604 1000846
605 1000847
606 1000848
607 1000849
608 1000850
609 1000851
610 1000852
611 1000853
612 1000855
613 1000856
614 1000857
615 1000858
616 1000859
617 1000860
618 1000861
619 1000863
620 1000864
621 1000865
622 1000866
623 1000867
624 1000868
625 1000869
626 1000870
627 1000871
628 1000872
629 1000873
630 1000875
631 1000876
632 1000877
633 1000878
634 1000879
635 1000880
636 1000881
637 1000882
638 1000883
639 1000884
640 1000885
641 1000886
642 1000887
643 1000888
644 1000889
645 1000890
646 1000892
647 1000893
648 1000894
649 1000895
650 1000896
651 1000897
652 1000899
653 1000900
654 1000901
655 1000902
656 1000903
657 1000904
658 1000905
659 1000906
660 1000907
661 1000909
662 1000910
663 1000911
664 1000912
665 1000914
666 1000915
667 1000919
668 1000920
669 1000921
670 1000922
671 1000923
672 1000924
673 1000925
674 1000926
675 1000927
676 1000928
677 1000929
678 1000931
679 1000932
680 1000933
681 1000934
682 1000935
683 1000936
684 1000937
685 1000938
686 1000939
687 1000940
688 1000941
689 1000942
690 1000943
691 1000944
692 1000945
693 1000946
694 1000947
695 1000948
696 1000949
697 1000950
698 1000951
699 1000952
700 1000953
701 1000954
702 1000955
703 1000956
704 1000957
705 1000958
706 1000959
707 1000961
708 1000962
709 1000963
710 1000964
711 1000965
712 1000966
713 1000967
714 1000968
715 1000969
716 1000971
717 1000972
718 1000974
719 1000975
720 1000976
721 1000977
722 1000978
723 1000979
724 1000980
725 1000981
726 1000982
727 1000983
728 1000984
729 1000985
730 1000986
731 1000987
732 1000988
733 1000989
734 1000990
735 1000991
736 1000992
737 1000993
738 1000994
739 1000996
740 1000997
741 1000998
742 1000999
743 1001002
744 1001003
745 1001004
746 1001005
747 1001006
748 1001007
749 1001008
750 1001009
751 1001010
752 1001012
753 1001013
754 1001014
755 1001015
756 1001016
757 1001020
758 1001021
759 1001023
760 1001024
761 1001025
762 1001026
763 1001027
764 1001028
765 1001030
766 1001031
767 1001032
768 1001033
769 1001034
770 1001035
771 1001037
772 1001038
773 1001039
774 1001040
775 1001041
776 1001042
777 1001043
778 1001044
779 1001045
780 1001048
781 1001049
782 1001051
783 1001052
784 1001053
785 1001054
786 1001055
787 1001056
788 1001057
789 1001058
790 1001059
791 1001060
792 1001061
793 1001063
794 1001064
795 1001065
796 1001066
797 1001068
798 1001069
799 1001070
800 1001071
801 1001072
802 1001074
803 1001075
804 1001076
805 1001077
806 1001079
807 1001080
808 1001082
809 1001083
810 1001084
811 1001085
812 1001086
813 1001088
814 1001092
815 1001094
816 1001095
817 1001096
818 1001100
819 1001101
820 1001102
821 1001103
822 1001104
823 1001105
824 1001106
825 1001107
826 1001108
827 1001109
828 1001110
829 1001111
830 1001112
831 1001113
832 1001114
833 1001116
834 1001117
835 1001118
836 1001119
837 1001120
838 1001121
839 1001122
840 1001123
841 1001124
842 1001125
843 1001126
844 1001127
845 1001128
846 1001129
847 1001130
848 1001131
849 1001133
850 1001134
851 1001135
852 1001136
853 1001137
854 1001139
855 1001140
856 1001141
857 1001142
858 1001143
859 1001144
860 1001145
861 1001147
862 1001148
863 1001149
864 1001150
865 1001151
866 1001152
867 1001153
868 1001154
869 1001155
870 1001156
871 1001157
872 1001158
873 1001159
874 1001160
875 1001161
876 1001162
877 1001163
878 1001164
879 1001165
880 1001166
881 1001167
882 1001168
883 1001170
884 1001171
885 1001172
886 1001173
887 1001174
888 1001175
889 1001176
890 1001178
891 1001179
892 1001180
893 1001183
894 1001185
895 1001187
896 1001188
897 1001189
898 1001190
899 1001191
900 1001192
901 1001193
902 1001194
903 1001195
904 1001196
905 1001197
906 1001198
907 1001199
908 1001200
909 1001201
910 1001203
911 1001204
912 1001205
913 1001206
914 1001207
915 1001208
916 1001209
917 1001210
918 1001211
919 1001212
920 1001213
921 1001214
922 1001215
923 1001216
924 1001217
925 1001218
926 1001219
927 1001220
928 1001221
929 1001222
930 1001223
931 1001224
932 1001225
933 1001226
934 1001227
935 1001228
936 1001229
937 1001230
938 1001231
939 1001232
940 1001233
941 1001234
942 1001235
943 1001236
944 1001237
945 1001239
946 1001240
947 1001241
948 1001242
949 1001243
950 1001245
951 1001246
952 1001247
953 1001248
954 1001249
955 1001250
956 1001251
957 1001253
958 1001254
959 1001255
960 1001257
961 1001258
962 1001259
963 1001260
964 1001261
965 1001262
966 1001263
967 1001264
968 1001266
969 1001267
970 1001268
971 1001269
972 1001270
973 1001271
974 1001273
975 1001274
976 1001275
977 1001276
978 1001277
979 1001279
980 1001280
981 1001281
982 1001282
983 1001285
984 1001286
985 1001287
986 1001288
987 1001289
988 1001290
989 1001291
990 1001292
991 1001293
992 1001294
993 1001296
994 1001298
995 1001299
996 1001300
997 1001301
998 1001303
999 1001304
1000 1001305
1001 1001307
1002 1001308
1003 1001310
1004 1001311
1005 1001312
1006 1001313
1007 1001314
1008 1001315
1009 1001317
1010 1001318
1011 1001319
1012 1001320
1013 1001321
1014 1001322
1015 1001323
1016 1001325
1017 1001326
1018 1001327
1019 1001330
1020 1001332
1021 1001333
1022 1001334
1023 1001335
1024 1001336
1025 1001337
1026 1001338
1027 1001340
1028 1001341
1029 1001342
1030 1001343
1031 1001346
1032 1001347
1033 1001349
1034 1001350
1035 1001351
1036 1001355
1037 1001356
1038 1001357
1039 1001358
1040 1001359
1041 1001360
1042 1001361
1043 1001362
1044 1001365
1045 1001366
1046 1001367
1047 1001368
1048 1001370
1049 1001371
1050 1001372
1051 1001373
1052 1001374
1053 1001375
1054 1001376
1055 1001377
1056 1001378
1057 1001379
1058 1001381
1059 1001384
1060 1001385
1061 1001386
1062 1001387
1063 1001388
1064 1001389
1065 1001390
1066 1001392
1067 1001393
1068 1001394
1069 1001396
1070 1001398
1071 1001399
1072 1001400
1073 1001401
1074 1001402
1075 1001403
1076 1001404
1077 1001406
1078 1001408
1079 1001409
1080 1001410
1081 1001411
1082 1001412
1083 1001413
1084 1001414
1085 1001416
1086 1001417
1087 1001418
1088 1001419
1089 1001420
1090 1001421
1091 1001422
1092 1001423
1093 1001424
1094 1001425
1095 1001428
1096 1001429
1097 1001430
1098 1001434
1099 1001435
1100 1001436
1101 1001437
1102 1001438
1103 1001439
1104 1001440
1105 1001441
1106 1001442
1107 1001444
1108 1001446
1109 1001447
1110 1001448
1111 1001449
1112 1001450
1113 1001451
1114 1001452
1115 1001454
1116 1001455
1117 1001456
1118 1001458
1119 1001459
1120 1001460
1121 1001461
1122 1001462
1123 1001463
1124 1001466
1125 1001467
1126 1001468
1127 1001469
1128 1001470
1129 1001471
1130 1001472
1131 1001473
1132 1001474
1133 1001475
1134 1001476
1135 1001477
1136 1001478
1137 1001479
1138 1001480
1139 1001481
1140 1001483
1141 1001484
1142 1001485
1143 1001486
1144 1001487
1145 1001488
1146 1001490
1147 1001491
1148 1001492
1149 1001493
1150 1001494
1151 1001495
1152 1001496
1153 1001497
1154 1001498
1155 1001499
1156 10015
1157 1001500
1158 1001501
1159 1001502
1160 1001504
1161 1001505
1162 1001506
1163 1001507
1164 1001508
1165 1001509
1166 1001510
1167 1001511
1168 1001512
1169 1001513
1170 1001514
1171 1001515
1172 1001516
1173 1001517
1174 1001519
1175 1001520
1176 1001522
1177 1001523
1178 1001525
1179 1001526
1180 1001527
1181 1001528
1182 1001529
1183 1001530
1184 1001531
1185 1001532
1186 1001533
1187 1001534
1188 1001535
1189 1001536
1190 1001538
1191 1001539
1192 1001540
1193 1001542
1194 1001543
1195 1001544
1196 1001545
1197 1001546
1198 1001547
1199 1001548
1200 1001549
1201 1001551
1202 1001552
1203 1001553
1204 1001554
1205 1001555
1206 1001556
1207 1001557
1208 1001558
1209 1001561
1210 1001562
1211 1001563
1212 1001564
1213 1001566
1214 1001567
1215 1001568
1216 1001569
1217 1001570
1218 1001571
1219 1001572
1220 1001573
1221 1001574
1222 1001575
1223 1001576
1224 1001577
1225 1001578
1226 1001579
1227 1001580
1228 1001581
1229 1001582
1230 1001585
1231 1001586
1232 1001587
1233 1001589
1234 1001590
1235 1001591
1236 1001592
1237 1001593
1238 1001594
1239 1001595
1240 1001596
1241 1001597
1242 1001598
1243 10016
1244 1001600
1245 1001604
1246 1001605
1247 1001606
1248 1001609
1249 1001611
1250 1001612
1251 1001615
1252 1001616
1253 1001618
1254 1001620
1255 1001622
1256 1001623
1257 1001624
1258 1001626
1259 1001627
1260 1001629
1261 1001630
1262 1001633
1263 1001634
1264 1001638
1265 1001639
1266 1001640
1267 1001641
1268 1001647
1269 1001651
1270 1001652
1271 1001654
1272 1001655
1273 1001656
1274 1001658
1275 1001662
1276 1001663
1277 1001664
1278 1001665
1279 1001668
1280 1001670
1281 1001671
1282 1001672
1283 1001673
1284 1001674
1285 1001675
1286 1001676
1287 1001677
1288 1001678
1289 1001679
1290 1001680
1291 1001681
1292 1001682
1293 1001684
1294 1001685
1295 1001686
1296 1001687
1297 1001688
1298 1001689
1299 1001691
1300 1001692
1301 1001693
1302 1001696
1303 1001698
1304 1001699
1305 1001700
1306 1001702
1307 1001703
1308 1001704
1309 1001706
1310 1001707
1311 1001708
1312 1001709
1313 1001710
1314 1001711
1315 1001712
1316 1001713
1317 1001714
1318 1001715
1319 1001717
1320 1001718
1321 1001719
1322 1001720
1323 1001721
1324 1001723
1325 1001725
1326 1001726
1327 1001727
1328 1001728
1329 1001730
1330 1001731
1331 1001732
1332 1001733
1333 1001734
1334 1001735
1335 1001738
1336 1001740
1337 1001741
1338 1001744
1339 1001746
1340 1001747
1341 1001750
1342 1001751
1343 1001753
1344 1001754
1345 1001755
1346 1001757
1347 1001758
1348 1001759
1349 1001760
1350 1001761
1351 1001763
1352 1001764
1353 1001765
1354 1001766
1355 1001768
1356 1001769
1357 1001771
1358 1001773
1359 1001774
1360 1001776
1361 1001777
1362 1001778
1363 1001779
1364 1001780
1365 1001781
1366 1001782
1367 1001783
1368 1001784
1369 1001787
1370 1001789
1371 1001790
1372 1001791
1373 1001793
1374 1001799
1375 1001800
1376 1001801
1377 1001802
1378 1001803
1379 1001804
1380 1001805
1381 1001806
1382 1001808
1383 1001810
1384 1001811
1385 1001813
1386 1001814
1387 1001815
1388 1001817
1389 1001818
1390 1001819
1391 1001820
1392 1001821
1393 1001823
1394 1001824
1395 1001826
1396 1001827
1397 1001828
1398 1001829
1399 1001830
1400 1001831
1401 1001832
1402 1001834
1403 1001835
1404 1001837
1405 1001841
1406 1001842
1407 1001843
1408 1001844
1409 1001846
1410 1001847
1411 1001848
1412 1001849
1413 1001851
1414 1001852
1415 1001853
1416 1001854
1417 1001855
1418 1001856
1419 1001857
1420 1001859
1421 1001860
1422 1001861
1423 1001862
1424 1001863
1425 1001864
1426 1001865
1427 1001866
1428 1001867
1429 1001868
1430 1001869
1431 1001872
1432 1001873
1433 1001875
1434 1001876
1435 1001878
1436 1001879
1437 1001880
1438 1001884
1439 1001885
1440 1001886
1441 1001891
1442 1001892
1443 1001893
1444 1001894
1445 1001895
1446 1001896
1447 1001897
1448 1001898
1449 1001905
1450 1001907
1451 1001910
1452 1001911
1453 1001912
1454 1001913
1455 1001914
1456 1001917
1457 1001918
1458 1001919
1459 1001921
1460 1001922
1461 1001923
1462 1001927
1463 1001932
1464 1001934
1465 1001938
1466 1001939
1467 1001940
1468 1001943
1469 1001944
1470 1001945
1471 1001946
1472 1001948
1473 1001950
1474 1001952
1475 1001955
1476 1001956
1477 1001964
1478 1001965
1479 1001966
1480 1001967
1481 1001968
1482 1001969
1483 1001972
1484 1001973
1485 1001975
1486 1001976
1487 1001977
1488 1001978
1489 1001979
1490 1001990
1491 1001991
1492 1001998
1493 1001999
1494 1002001
1495 1002002
1496 1002005
1497 1002007
1498 1002008
1499 1002009
1500 1002014
1501 1002015
1502 1002017
1503 1002018
1504 1002019
1505 1002021
1506 1002022
1507 1002023
1508 1002026
1509 1002027
1510 1002028
1511 1002029
1512 1002030
1513 1002031
1514 1002032
1515 1002034
1516 1002037
1517 1002038
1518 1002039
1519 1002040
1520 1002041
1521 1002044
1522 1002045
1523 1002046
1524 1002047
1525 1002050
1526 1002051
1527 1002055
1528 1002058
1529 1002062
1530 1002065
1531 1002068
1532 1002073
1533 1002075
1534 1002076
1535 1002077
1536 1002080
1537 1002081
1538 1002083
1539 1002091
1540 1002093
1541 1002096
1542 1002098
1543 1002101
1544 1002102
1545 1002103
1546 1002105
1547 1002111
1548 1002114
1549 1002115
1550 1002116
1551 1002117
1552 1002119
1553 1002120
1554 1002122
1555 1002123
1556 1002124
1557 1002125
1558 1002126
1559 1002127
1560 1002128
1561 1002129
1562 1002130
1563 1002131
1564 1002132
1565 1002135
1566 1002136
1567 1002138
1568 1002139
1569 1002140
1570 1002141
1571 1002142
1572 1002143
1573 1002144
1574 1002145
1575 1002146
1576 1002147
1577 1002149
1578 1002150
1579 1002152
1580 1002153
1581 1002155
1582 1002156
1583 1002157
1584 1002159
1585 1002161
1586 1002162
1587 1002163
1588 1002164
1589 1002165
1590 1002166
1591 1002167
1592 1002169
1593 1002170
1594 1002171
1595 1002172
1596 1002174
1597 1002175
1598 1002176
1599 1002177
1600 1002179
1601 1002180
1602 1002182
1603 1002183
1604 1002185
1605 1002186
1606 1002188
1607 1002189
1608 1002191
1609 1002192
1610 1002193
1611 1002195
1612 1002196
1613 1002197
1614 1002198
1615 1002199
1616 1002200
1617 1002202
1618 1002204
1619 1002207
1620 1002208
1621 1002209
1622 1002211
1623 1002213
1624 1002214
1625 1002219
1626 1002220
1627 1002221
1628 1002222
1629 1002223
1630 1002225
1631 1002230
1632 1002231
1633 1002232
1634 1002233
1635 1002235
1636 1002237
1637 1002239
1638 1002241
1639 1002242
1640 1002243
1641 1002245
1642 1002247
1643 1002248
1644 1002249
1645 1002250
1646 1002251
1647 1002252
1648 1002253
1649 1002254
1650 1002255
1651 1002256
1652 1002258
1653 1002259
1654 1002260
1655 1002261
1656 1002264
1657 1002265
1658 1002266
1659 1002267
1660 1002269
1661 1002270
1662 1002271
1663 1002272
1664 1002273
1665 1002274
1666 1002275
1667 1002276
1668 1002277
1669 1002278
1670 1002279
1671 1002282
1672 1002284
1673 1002286
1674 1002287
1675 1002289
1676 1002291
1677 1002292
1678 1002293
1679 1002294
1680 1002295
1681 1002296
1682 1002297
1683 1002300
1684 1002302
1685 1002303
1686 1002304
1687 1002305
1688 1002307
1689 1002308
1690 1002309
1691 1002310
1692 1002312
1693 1002313
1694 1002315
1695 1002316
1696 1002317
1697 1002318
1698 1002319
1699 1002320
1700 1002321
1701 1002322
1702 1002323
1703 1002324
1704 1002325
1705 1002327
1706 1002329
1707 1002330
1708 1002331
1709 1002332
1710 1002333
1711 1002334
1712 1002335
1713 1002336
1714 1002337
1715 1002338
1716 1002339
1717 1002340
1718 1002341
1719 1002342
1720 1002343
1721 1002344
1722 1002345
1723 1002346
1724 1002347
1725 1002348
1726 1002349
1727 1002350
1728 1002352
1729 1002353
1730 1002354
1731 1002355
1732 1002356
1733 1002357
1734 1002358
1735 1002359
1736 1002360
1737 1002361
1738 1002362
1739 1002363
1740 1002364
1741 1002365
1742 1002366
1743 1002367
1744 1002368
1745 1002369
1746 1002370
1747 1002372
1748 1002373
1749 1002374
1750 1002375
1751 1002376
1752 1002377
1753 1002378
1754 1002379
1755 1002380
1756 1002381
1757 1002382
1758 1002383
1759 1002384
1760 1002386
1761 1002388
1762 1002389
1763 1002390
1764 1002391
1765 1002392
1766 1002393
1767 1002394
1768 1002395
1769 1002396
1770 1002398
1771 1002399
1772 1002400
1773 1002401
1774 1002402
1775 1002403
1776 1002406
1777 1002407
1778 1002408
1779 1002409
1780 1002410
1781 1002411
1782 1002412
1783 1002413
1784 1002414
1785 1002415
1786 1002416
1787 1002417
1788 1002418
1789 1002419
1790 1002420
1791 1002421
1792 1002422
1793 1002423
1794 1002424
1795 1002425
1796 1002426
1797 1002427
1798 1002428
1799 1002429
1800 1002430
1801 1002431
1802 1002432
1803 1002433
1804 1002434
1805 1002435
1806 1002436
1807 1002438
1808 1002439
1809 1002440
1810 1002441
1811 1002442
1812 1002443
1813 1002444
1814 1002446
1815 1002447
1816 1002448
1817 1002449
1818 1002450
1819 1002451
1820 1002452
1821 1002453
1822 1002454
1823 1002456
1824 1002458
1825 1002459
1826 1002460
1827 1002462
1828 1002463
1829 1002464
1830 1002465
1831 1002466
1832 1002467
1833 1002468
1834 1002469
1835 1002472
1836 1002473
1837 1002474
1838 1002475
1839 1002476
1840 1002478
1841 1002479
1842 1002480
1843 1002481
1844 1002482
1845 1002483
1846 1002484
1847 1002485
1848 1002486
1849 1002487
1850 1002488
1851 1002489
1852 1002490
1853 1002491
1854 1002492
1855 1002493
1856 1002494
1857 1002495
1858 1002498
1859 1002499
1860 10025
1861 1002500
1862 1002501
1863 1002502
1864 1002503
1865 1002504
1866 1002505
1867 1002506
1868 1002507
1869 1002509
1870 1002510
1871 1002511
1872 1002512
1873 1002513
1874 1002514
1875 1002515
1876 1002516
1877 1002517
1878 1002518
1879 1002519
1880 1002520
1881 1002521
1882 1002522
1883 1002523
1884 1002524
1885 1002525
1886 1002526
1887 1002527
1888 1002528
1889 1002529
1890 1002530
1891 1002531
1892 1002532
1893 1002533
1894 1002534
1895 1002535
1896 1002536
1897 1002538
1898 1002539
1899 1002540
1900 1002541
1901 1002542
1902 1002544
1903 1002545
1904 1002546
1905 1002547
1906 1002548
1907 1002549
1908 1002550
1909 1002551
1910 1002552
1911 1002553
1912 1002555
1913 1002556
1914 1002557
1915 1002558
1916 1002559
1917 1002560
1918 1002561
1919 1002562
1920 1002563
1921 1002564
1922 1002565
1923 1002566
1924 1002567
1925 1002568
1926 1002569
1927 1002570
1928 1002571
1929 1002572
1930 1002573
1931 1002574
1932 1002575
1933 1002576
1934 1002577
1935 1002578
1936 1002579
1937 1002580
1938 1002581
1939 1002582
1940 1002583
1941 1002588
1942 1002590
1943 1002592
1944 1002594
1945 1002595
1946 1002596
1947 1002597
1948 1002598
1949 1002599
1950 1002602
1951 1002603
1952 1002604
1953 1002605
1954 1002607
1955 1002609
1956 1002610
1957 1002612
1958 1002613
1959 1002615
1960 1002617
1961 1002618
1962 1002619
1963 1002621
1964 1002622
1965 1002623
1966 1002624
1967 1002625
1968 1002626
1969 1002627
1970 1002629
1971 1002630
1972 1002635
1973 1002636
1974 1002637
1975 1002638
1976 1002639
1977 1002640
1978 1002641
1979 1002642
1980 1002644
1981 1002645
1982 1002646
1983 1002648
1984 1002649
1985 1002650
1986 1002651
1987 1002653
1988 1002654
1989 1002655
1990 1002656
1991 1002657
1992 1002658
1993 1002659
1994 1002663
1995 1002664
1996 1002667
1997 1002668
1998 1002670
1999 1002671
2000 1002672
2001 1002674
2002 1002675
2003 1002676
2004 1002678
2005 1002681
2006 1002682
2007 1002684
2008 1002685
2009 1002686
2010 1002687
2011 1002688
2012 1002689
2013 1002690
2014 1002691
2015 1002692
2016 1002693
2017 1002694
2018 1002695
2019 1002697
2020 1002698
2021 1002699
2022 10027
2023 1002700
2024 1002701
2025 1002702
2026 1002704
2027 1002705
2028 1002707
2029 1002709
2030 1002710
2031 1002711
2032 1002713
2033 1002714
2034 1002715
2035 1002717
2036 1002718
2037 1002720
2038 1002722
2039 1002723
2040 1002724
2041 1002725
2042 1002726
2043 1002727
2044 1002728
2045 1002729
2046 1002730
2047 1002731
2048 1002732
2049 1002733
2050 1002734
2051 1002736
2052 1002737
2053 1002738
2054 1002740
2055 1002741
2056 1002742
2057 1002744
2058 1002745
2059 1002746
2060 1002747
2061 1002749
2062 1002751
2063 1002752
2064 1002753
2065 1002754
2066 1002755
2067 1002757
2068 1002759
2069 1002760
2070 1002762
2071 1002763
2072 1002764
2073 1002766
2074 1002767
2075 1002768
2076 1002769
2077 1002770
2078 1002771
2079 1002772
2080 1002773
2081 1002774
2082 1002776
2083 1002777
2084 1002778
2085 1002779
2086 1002780
2087 1002781
2088 1002782
2089 1002783
2090 1002784
2091 1002787
2092 1002788
2093 1002790
2094 1002791
2095 1002794
2096 1002796
2097 1002797
2098 1002798
2099 1002799
2100 1002801
2101 1002802
2102 1002803
2103 1002804
2104 1002805
2105 1002806
2106 1002807
2107 1002808
2108 1002810
2109 1002811
2110 1002812
2111 1002813
2112 1002814
2113 1002815
2114 1002817
2115 1002818
2116 1002819
2117 1002820
2118 1002822
2119 1002823
2120 1002824
2121 1002825
2122 1002826
2123 1002827
2124 1002828
2125 1002830
2126 1002831
2127 1002833
2128 1002835
2129 1002837
2130 1002838
2131 1002839
2132 1002840
2133 1002841
2134 1002842
2135 1002843
2136 1002844
2137 1002845
2138 1002846
2139 1002848
2140 1002850
2141 1002851
2142 1002852
2143 1002854
2144 1002856
2145 1002857
2146 1002858
2147 1002859
2148 1002861
2149 1002862
2150 1002864
2151 1002867
2152 1002868
2153 1002869
2154 1002871
2155 1002872
2156 1002874
2157 1002875
2158 1002876
2159 1002878
2160 1002880
2161 1002881
2162 1002882
2163 1002883
2164 1002884
2165 1002886
2166 1002887
2167 1002888
2168 1002889
2169 1002892
2170 1002893
2171 1002894
2172 1002895
2173 1002896
2174 1002897
2175 1002900
2176 1002901
2177 1002902
2178 1002903
2179 1002904
2180 1002905
2181 1002906
2182 1002909
2183 1002910
2184 1002912
2185 1002913
2186 1002914
2187 1002915
2188 1002916
2189 1002917
2190 1002918
2191 1002921
2192 1002923
2193 1002924
2194 1002925
2195 1002926
2196 1002927
2197 1002928
2198 1002931
2199 1002933
2200 1002934
2201 1002935
2202 1002936
2203 1002940
2204 1002941
2205 1002942
2206 1002943
2207 1002944
2208 1002945
2209 1002946
2210 1002947
2211 1002949
2212 1002950
2213 1002951
2214 1002952
2215 1002953
2216 1002954
2217 1002955
2218 1002956
2219 1002957
2220 1002960
2221 1002962
2222 1002963
2223 1002964
2224 1002965
2225 1002967
2226 1002969
2227 1002972
2228 1002973
2229 1002974
2230 1002977
2231 1002978
2232 1002979
2233 1002981
2234 1002982
2235 1002984
2236 1002985
2237 1002986
2238 1002987
2239 1002989
2240 1002990
2241 1002991
2242 1002992
2243 1002994
2244 1002995
2245 1002999
2246 1003000
2247 1003001
2248 1003002
2249 1003004
2250 1003005
2251 1003006
2252 1003007
2253 1003008
2254 1003009
2255 1003010
2256 1003011
2257 1003015
2258 1003017
2259 1003020
2260 1003022
2261 1003025
2262 1003028
2263 1003029
2264 1003033
2265 1003034
2266 1003035
2267 1003036
2268 1003037
2269 1003038
2270 1003039
2271 1003041
2272 1003042
2273 1003044
2274 1003045
2275 1003046
2276 1003047
2277 1003048
2278 1003049
2279 1003050
2280 1003051
2281 1003052
2282 1003053
2283 1003055
2284 1003056
2285 1003057
2286 1003061
2287 1003063
2288 1003064
2289 1003065
2290 1003067
2291 1003070
2292 1003071
2293 1003072
2294 1003073
2295 1003074
2296 1003076
2297 1003077
2298 1003078
2299 1003079
2300 1003080
2301 1003082
2302 1003083
2303 1003084
2304 1003085
2305 1003086
2306 1003087
2307 1003088
2308 1003090
2309 1003091
2310 1003094
2311 1003095
2312 1003096
2313 1003098
2314 1003099
2315 1003102
2316 1003104
2317 1003108
2318 1003117
2319 1003119
2320 1003120
2321 1003123
2322 1003124
2323 1003126
2324 1003127
2325 1003129
2326 1003130
2327 1003132
2328 1003134
2329 1003135
2330 1003139
2331 1003140
2332 1003147
2333 1003150
2334 1003154
2335 1003156
2336 1003162
2337 1003181
2338 1003183
2339 1003189
2340 1003191
2341 1003205
2342 1003207
2343 1003212
2344 1003217
2345 1003218
2346 1003223
2347 1003224
2348 1003225
2349 1003234
2350 1003236
2351 1003240
2352 1003241
2353 1003243
2354 1003248
2355 1003252
2356 1003254
2357 1003257
2358 1003260
2359 1003262
2360 1003266
2361 1003268
2362 1003270
2363 1003271
2364 1003273
2365 1003276
2366 1003278
2367 1003281
2368 1003285
2369 1003286
2370 1003287
2371 1003292
2372 1003297
2373 1003300
2374 1003301
2375 1003303
2376 1003306
2377 1003307
2378 1003308
2379 1003311
2380 1003312
2381 1003313
2382 1003314
2383 1003317
2384 1003319
2385 1003327
2386 1003332
2387 1003333
2388 1003335
2389 1003339
2390 1003340
2391 1003341
2392 1003346
2393 1003348
2394 1003350
2395 1003351
2396 1003353
2397 1003355
2398 1003360
2399 1003361
2400 1003362
2401 1003363
2402 1003365
2403 1003368
2404 1003370
2405 1003374
2406 1003375
2407 1003376
2408 1003378
2409 1003379
2410 1003380
2411 1003381
2412 1003384
2413 1003389
2414 1003391
2415 1003392
2416 1003395
2417 1003396
2418 1003400
2419 1003401
2420 1003403
2421 1003404
2422 1003405
2423 1003407
2424 1003412
2425 1003416
2426 1003422
2427 1003425
2428 1003426
2429 1003439
2430 1003441
2431 1003442
2432 1003444
2433 1003445
2434 1003451
2435 1003452
2436 1003456
2437 1003461
2438 1003462
2439 1003463
2440 1003464
2441 1003467
2442 1003468
2443 1003469
2444 1003471
2445 1003473
2446 1003476
2447 1003477
2448 1003482
2449 1003489
2450 1003490
2451 1003492
2452 1003497
2453 1003498
2454 1003499
2455 1003505
2456 1003506
2457 1003507
2458 1003508
2459 1003509
2460 1003511
2461 1003513
2462 1003519
2463 1003520
2464 1003521
2465 1003523
2466 1003524
2467 1003525
2468 1003529
2469 1003530
2470 1003533
2471 1003534
2472 1003536
2473 1003538
2474 1003541
2475 1003542
2476 1003545
2477 1003546
2478 1003549
2479 1003555
2480 1003556
2481 1003557
2482 1003558
2483 1003559
2484 1003560
2485 1003562
2486 1003563
2487 1003564
2488 1003565
2489 1003567
2490 1003571
2491 1003573
2492 1003574
2493 1003575
2494 1003579
2495 1003583
2496 1003584
2497 1003586
2498 1003587
2499 1003589
2500 1003590
2501 1003591
2502 1003592
2503 1003593
2504 1003594
2505 1003596
2506 1003600
2507 1003601
2508 1003603
2509 1003604
2510 1003605
2511 1003607
2512 1003609
2513 1003610
2514 1003611
2515 1003622
2516 1003623
2517 1003624
2518 1003625
2519 1003626
2520 1003628
2521 1003630
2522 1003631
2523 1003633
2524 1003634
2525 1003635
2526 1003637
2527 1003638
2528 1003640
2529 1003642
2530 1003643
2531 1003645
2532 1003647
2533 1003651
2534 1003654
2535 1003655
2536 1003656
2537 1003661
2538 1003665
2539 1003666
2540 1003667
2541 1003668
2542 1003669
2543 1003670
2544 1003672
2545 1003673
2546 1003678
2547 1003679
2548 1003680
2549 1003682
2550 1003684
2551 1003686
2552 1003688
2553 1003690
2554 1003691
2555 1003692
2556 1003697
2557 1003699
2558 1003701
2559 1003702
2560 1003703
2561 1003704
2562 1003706
2563 1003707
2564 1003708
2565 1003710
2566 1003716
2567 1003720
2568 1003728
2569 1003730
2570 1003731
2571 1003732
2572 1003733
2573 1003737
2574 1003740
2575 1003742
2576 1003744
2577 1003745
2578 1003748
2579 1003749
2580 1003750
2581 1003752
2582 1003756
2583 1003759
2584 1003761
2585 1003762
2586 1003764
2587 1003765
2588 1003766
2589 1003767
2590 1003769
2591 1003771
2592 1003776
2593 1003777
2594 1003778
2595 1003780
2596 1003781
2597 1003784
2598 1003785
2599 1003786
2600 1003787
2601 1003788
2602 1003789
2603 1003793
2604 1003794
2605 1003798
2606 1003799
2607 1003800
2608 1003803
2609 1003805
2610 1003806
2611 1003807
2612 1003808
2613 1003810
2614 1003813
2615 1003815
2616 1003816
2617 1003818
2618 1003819
2619 1003821
2620 1003825
2621 1003826
2622 1003827
2623 1003832
2624 1003833
2625 1003841
2626 1003845
2627 1003846
2628 1003847
2629 1003851
2630 1003852
2631 1003860
2632 1003862
2633 1003863
2634 1003864
2635 1003867
2636 1003868
2637 1003874
2638 1003881
2639 1003882
2640 1003883
2641 1003884
2642 1003886
2643 1003888
2644 1003890
2645 1003896
2646 1003897
2647 1003899
2648 1003901
2649 1003903
2650 1003904
2651 1003906
2652 1003907
2653 1003908
2654 1003909
2655 1003910
2656 1003912
2657 1003915
2658 1003916
2659 1003917
2660 1003920
2661 1003921
2662 1003923
2663 1003924
2664 1003926
2665 1003927
2666 1003928
2667 1003929
2668 1003930
2669 1003931
2670 1003932
2671 1003935
2672 1003936
2673 1003939
2674 1003941
2675 1003946
2676 1003947
2677 1003956
2678 1003957
2679 1003959
2680 1003967
2681 1003974
2682 1003977
2683 1003978
2684 1003982
2685 1003986
2686 1003987
2687 1003990
2688 1003991
2689 1003993
2690 1003995
2691 1003996
2692 1003997
2693 1003998
2694 1004001
2695 1004002
2696 1004003
2697 1004005
2698 1004006
2699 1004007
2700 1004008
2701 1004009
2702 1004011
2703 1004012
2704 1004015
2705 1004020
2706 1004024
2707 1004026
2708 1004027
2709 1004028
2710 1004029
2711 1004030
2712 1004032
2713 1004033
2714 1004034
2715 1004036
2716 1004038
2717 1004041
2718 1004045
2719 1004047
2720 1004053
2721 1004056
2722 1004057
2723 1004058
2724 1004060
2725 1004061
2726 1004064
2727 1004065
2728 1004067
2729 1004068
2730 1004069
2731 1004070
2732 1004071
2733 1004072
2734 1004073
2735 1004074
2736 1004075
2737 1004076
2738 1004077
2739 1004079
2740 1004080
2741 1004081
2742 1004082
2743 1004086
2744 1004087
2745 1004089
2746 1004091
2747 1004093
2748 1004095
2749 1004097
2750 1004100
2751 1004101
2752 1004102
2753 1004103
2754 1004105
2755 1004110
2756 1004111
2757 1004112
2758 1004113
2759 1004114
2760 1004116
2761 1004118
2762 1004123
2763 1004124
2764 1004125
2765 1004129
2766 1004131
2767 1004133
2768 1004134
2769 1004135
2770 1004137
2771 1004139
2772 1004141
2773 1004143
2774 1004146
2775 1004148
2776 1004149
2777 1004152
2778 1004153
2779 1004155
2780 1004158
2781 1004160
2782 1004164
2783 1004165
2784 1004166
2785 1004174
2786 1004178
2787 1004179
2788 1004180
2789 1004181
2790 1004182
2791 1004183
2792 1004184
2793 1004185
2794 1004186
2795 1004190
2796 1004192
2797 1004193
2798 1004195
2799 1004196
2800 1004199
2801 1004202
2802 1004203
2803 1004205
2804 1004207
2805 1004210
2806 1004211
2807 1004213
2808 1004214
2809 1004215
2810 1004220
2811 1004221
2812 1004222
2813 1004223
2814 1004224
2815 1004225
2816 1004226
2817 1004228
2818 1004229
2819 1004232
2820 1004233
2821 1004234
2822 1004235
2823 1004237
2824 1004238
2825 1004239
2826 1004240
2827 1004241
2828 1004242
2829 1004243
2830 1004244
2831 1004246
2832 1004248
2833 1004251
2834 1004252
2835 1004253
2836 1004254
2837 1004255
2838 1004256
2839 1004257
2840 1004259
2841 1004261
2842 1004262
2843 1004264
2844 1004265
2845 1004266
2846 1004268
2847 1004270
2848 1004273
2849 1004274
2850 1004276
2851 1004277
2852 1004280
2853 1004281
2854 1004286
2855 1004287
2856 1004291
2857 1004292
2858 1004294
2859 1004295
2860 1004296
2861 1004297
2862 1004298
2863 1004300
2864 1004301
2865 1004302
2866 1004303
2867 1004305
2868 1004306
2869 1004310
2870 1004311
2871 1004312
2872 1004314
2873 1004315
2874 1004317
2875 1004318
2876 1004319
2877 1004321
2878 1004326
2879 1004327
2880 1004329
2881 1004332
2882 1004333
2883 1004334
2884 1004335
2885 1004337
2886 1004338
2887 1004339
2888 1004340
2889 1004341
2890 1004342
2891 1004343
2892 1004345
2893 1004346
2894 1004349
2895 1004350
2896 1004351
2897 1004352
2898 1004354
2899 1004358
2900 1004363
2901 1004365
2902 1004366
2903 1004367
2904 1004368
2905 1004370
2906 1004371
2907 1004372
2908 1004373
2909 1004374
2910 1004375
2911 1004377
2912 1004378
2913 1004379
2914 1004380
2915 1004382
2916 1004383
2917 1004384
2918 1004385
2919 1004387
2920 1004389
2921 1004390
2922 1004391
2923 1004395
2924 1004396
2925 1004398
2926 1004399
2927 1004400
2928 1004403
2929 1004406
2930 1004407
2931 1004409
2932 1004410
2933 1004411
2934 1004412
2935 1004414
2936 1004417
2937 1004418
2938 1004419
2939 1004420
2940 1004421
2941 1004422
2942 1004424
2943 1004425
2944 1004426
2945 1004427
2946 1004430
2947 1004434
2948 1004435
2949 1004436
2950 1004438
2951 1004439
2952 1004440
2953 1004442
2954 1004443
2955 1004445
2956 1004447
2957 1004448
2958 1004449
2959 1004454
2960 1004455
2961 1004456
2962 1004457
2963 1004458
2964 1004460
2965 1004461
2966 1004466
2967 1004467
2968 1004473
2969 1004474
2970 1004476
2971 1004478
2972 1004479
2973 1004480
2974 1004481
2975 1004482
2976 1004483
2977 1004484
2978 1004485
2979 1004486
2980 1004488
2981 1004490
2982 1004497
2983 1004499
2984 1004500
2985 1004503
2986 1004505
2987 1004508
2988 1004511
2989 1004513
2990 1004514
2991 1004515
2992 1004516
2993 1004517
2994 1004519
2995 1004520
2996 1004522
2997 1004523
2998 1004526
2999 1004528
3000 1004529
3001 1004531
3002 1004535
3003 1004536
3004 1004538
3005 1004539
3006 1004544
3007 1004545
3008 1004548
3009 1004551
3010 1004554
3011 1004555
3012 1004557
3013 1004562
3014 1004563
3015 1004565
3016 1004568
3017 1004569
3018 1004572
3019 1004573
3020 1004575
3021 1004576
3022 1004579
3023 1004580
3024 1004581
3025 1004582
3026 1004583
3027 1004584
3028 1004585
3029 1004586
3030 1004587
3031 1004588
3032 1004592
3033 1004593
3034 1004596
3035 1004597
3036 1004598
3037 1004603
3038 1004605
3039 1004607
3040 1004610
3041 1004611
3042 1004614
3043 1004615
3044 1004616
3045 1004617
3046 1004619
3047 1004620
3048 1004622
3049 1004623
3050 1004624
3051 1004626
3052 1004627
3053 1004629
3054 1004630
3055 1004632
3056 1004636
3057 1004637
3058 1004639
3059 1004640
3060 1004641
3061 1004642
3062 1004643
3063 1004644
3064 1004645
3065 1004646
3066 1004648
3067 1004649
3068 1004650
3069 1004651
3070 1004655
3071 1004660
3072 1004661
3073 1004664
3074 1004665
3075 1004666
3076 1004673
3077 1004674
3078 1004675
3079 1004676
3080 1004679
3081 1004680
3082 1004681
3083 1004684
3084 1004686
3085 1004687
3086 1004689
3087 1004690
3088 1004694
3089 1004695
3090 1004696
3091 1004697
3092 1004698
3093 1004699
3094 1004700
3095 1004702
3096 1004703
3097 1004706
3098 1004708
3099 1004709
3100 1004710
3101 1004711
3102 1004712
3103 1004713
3104 1004714
3105 1004715
3106 1004716
3107 1004717
3108 1004718
3109 1004719
3110 1004720
3111 1004722
3112 1004723
3113 1004724
3114 1004726
3115 1004728
3116 1004729
3117 1004730
3118 1004731
3119 1004732
3120 1004734
3121 1004736
3122 1004737
3123 1004740
3124 1004741
3125 1004742
3126 1004743
3127 1004745
3128 1004748
3129 1004753
3130 1004755
3131 1004758
3132 1004767
3133 1004769
3134 1004770
3135 1004777
3136 1004779
3137 1004790
3138 1004791
3139 1004800
3140 1004802
3141 1004807
3142 1004809
3143 1004810
3144 1004812
3145 1004815
3146 1004817
3147 1004822
3148 1004826
3149 1004827
3150 1004828
3151 1004835
3152 1004837
3153 1004838
3154 1004841
3155 1004850
3156 1004853
3157 1004861
3158 1004862
3159 1004865
3160 1004868
3161 1004873
3162 1004874
3163 1004876
3164 1004877
3165 1004878
3166 1004880
3167 1004881
3168 1004882
3169 1004886
3170 1004887
3171 1004888
3172 1004890
3173 1004891
3174 1004893
3175 1004904
3176 1004905
3177 1004909
3178 1004910
3179 1004912
3180 1004915
3181 1004917
3182 1004919
3183 1004921
3184 1004922
3185 1004923
3186 1004925
3187 1004926
3188 1004927
3189 1004928
3190 1004930
3191 1004933
3192 1004934
3193 1004936
3194 1004939
3195 1004940
3196 1004944
3197 1004961
3198 1004964
3199 1004966
3200 1004969
3201 1004970
3202 1004971
3203 1004972
3204 1004973
3205 1004977
3206 1004978
3207 1004983
3208 1004984
3209 1004985
3210 1004986
3211 1004987
3212 1004989
3213 1004990
3214 1004991
3215 1004992
3216 1004994
3217 1004995
3218 1004997
3219 1005001
3220 1005003
3221 1005004
3222 1005007
3223 1005008
3224 1005009
3225 1005010
3226 1005011
3227 1005012
3228 1005013
3229 1005014
3230 1005015
3231 1005016
3232 1005017
3233 1005018
3234 1005020
3235 1005021
3236 1005025
3237 1005028
3238 1005029
3239 1005030
3240 1005031
3241 1005032
3242 1005033
3243 1005034
3244 1005036
3245 1005039
3246 1005040
3247 1005042
3248 1005043
3249 1005044
3250 1005048
3251 1005050
3252 1005051
3253 1005052
3254 1005053
3255 1005054
3256 1005055
3257 1005057
3258 1005058
3259 1005062
3260 1005063
3261 1005064
3262 1005067
3263 1005068
3264 1005069
3265 1005070
3266 1005071
3267 1005073
3268 1005074
3269 1005075
3270 1005076
3271 1005077
3272 1005078
3273 1005080
3274 1005081
3275 1005082
3276 1005083
3277 1005086
3278 1005087
3279 1005089
3280 1005092
3281 1005093
3282 1005094
3283 1005096
3284 1005097
3285 1005098
3286 1005099
3287 1005100
3288 1005101
3289 1005102
3290 1005104
3291 1005105
3292 1005106
3293 1005107
3294 1005108
3295 1005109
3296 1005111
3297 1005113
3298 1005114
3299 1005115
3300 1005116
3301 1005117
3302 1005119
3303 1005120
3304 1005121
3305 1005123
3306 1005124
3307 1005125
3308 1005127
3309 1005128
3310 1005130
3311 1005131
3312 1005132
3313 1005133
3314 1005134
3315 1005135
3316 1005136
3317 1005137
3318 1005138
3319 1005139
3320 1005140
3321 1005141
3322 1005143
3323 1005144
3324 1005145
3325 1005147
3326 1005149
3327 1005150
3328 1005151
3329 1005152
3330 1005153
3331 1005154
3332 1005155
3333 1005156
3334 1005157
3335 1005158
3336 1005159
3337 1005160
3338 1005161
3339 1005165
3340 1005166
3341 1005167
3342 1005168
3343 1005169
3344 1005171
3345 1005172
3346 1005173
3347 1005174
3348 1005177
3349 1005178
3350 1005180
3351 1005182
3352 1005183
3353 1005184
3354 1005186
3355 1005187
3356 1005188
3357 1005189
3358 1005191
3359 1005193
3360 1005194
3361 1005195
3362 1005197
3363 1005198
3364 1005199
3365 1005201
3366 1005202
3367 1005203
3368 1005204
3369 1005205
3370 1005206
3371 1005207
3372 1005208
3373 1005211
3374 1005212
3375 1005213
3376 1005214
3377 1005215
3378 1005216
3379 1005217
3380 1005218
3381 1005219
3382 1005221
3383 1005222
3384 1005223
3385 1005225
3386 1005226
3387 1005227
3388 1005229
3389 1005231
3390 1005232
3391 1005234
3392 1005235
3393 1005237
3394 1005240
3395 1005242
3396 1005243
3397 1005244
3398 1005245
3399 1005246
3400 1005247
3401 1005249
3402 1005251
3403 1005252
3404 1005253
3405 1005254
3406 1005255
3407 1005258
3408 1005259
3409 1005260
3410 1005261
3411 1005262
3412 1005263
3413 1005264
3414 1005265
3415 1005267
3416 1005268
3417 1005269
3418 1005270
3419 1005271
3420 1005272
3421 1005273
3422 1005276
3423 1005277
3424 1005278
3425 1005279
3426 1005280
3427 1005281
3428 1005282
3429 1005284
3430 1005285
3431 1005286
3432 1005288
3433 1005290
3434 1005292
3435 1005293
3436 1005294
3437 1005295
3438 1005296
3439 1005297
3440 1005298
3441 1005300
3442 1005301
3443 1005302
3444 1005303
3445 1005304
3446 1005305
3447 1005306
3448 1005307
3449 1005308
3450 1005309
3451 1005310
3452 1005311
3453 1005312
3454 1005313
3455 1005317
3456 1005318
3457 1005320
3458 1005321
3459 1005322
3460 1005323
3461 1005324
3462 1005325
3463 1005326
3464 1005328
3465 1005329
3466 1005330
3467 1005331
3468 1005332
3469 1005333
3470 1005334
3471 1005335
3472 1005336
3473 1005339
3474 1005340
3475 1005341
3476 1005342
3477 1005344
3478 1005345
3479 1005347
3480 1005348
3481 1005350
3482 1005351
3483 1005352
3484 1005353
3485 1005354
3486 1005355
3487 1005356
3488 1005357
3489 1005358
3490 1005359
3491 1005360
3492 1005361
3493 1005363
3494 1005364
3495 1005365
3496 1005366
3497 1005367
3498 1005368
3499 1005369
3500 1005370
3501 1005371
3502 1005372
3503 1005373
3504 1005374
3505 1005376
3506 1005377
3507 1005378
3508 1005379
3509 1005381
3510 1005382
3511 1005383
3512 1005384
3513 1005385
3514 1005386
3515 1005387
3516 1005388
3517 1005389
3518 1005390
3519 1005391
3520 1005392
3521 1005393
3522 1005394
3523 1005395
3524 1005396
3525 1005398
3526 1005399
3527 1005400
3528 1005401
3529 1005402
3530 1005403
3531 1005405
3532 1005406
3533 1005407
3534 1005408
3535 1005409
3536 1005411
3537 1005412
3538 1005413
3539 1005415
3540 1005416
3541 1005417
3542 1005418
3543 1005419
3544 1005420
3545 1005421
3546 1005422
3547 1005424
3548 1005425
3549 1005426
3550 1005427
3551 1005428
3552 1005430
3553 1005431
3554 1005432
3555 1005433
3556 1005434
3557 1005435
3558 1005437
3559 1005438
3560 1005439
3561 1005440
3562 1005441
3563 1005442
3564 1005443
3565 1005444
3566 1005445
3567 1005446
3568 1005447
3569 1005448
3570 1005449
3571 1005450
3572 1005452
3573 1005453
3574 1005455
3575 1005456
3576 1005457
3577 1005458
3578 1005461
3579 1005462
3580 1005464
3581 1005466
3582 1005468
3583 1005469
3584 1005470
3585 1005471
3586 1005472
3587 1005475
3588 1005477
3589 1005478
3590 1005481
3591 1005482
3592 1005483
3593 1005484
3594 1005485
3595 1005486
3596 1005488
3597 1005489
3598 1005490
3599 1005491
3600 1005492
3601 1005493
3602 1005494
3603 1005495
3604 1005496
3605 1005497
3606 1005499
3607 1005500
3608 1005501
3609 1005502
3610 1005504
3611 1005507
3612 1005508
3613 1005509
3614 1005510
3615 1005511
3616 1005512
3617 1005513
3618 1005514
3619 1005516
3620 1005517
3621 1005519
3622 1005520
3623 1005522
3624 1005523
3625 1005525
3626 1005526
3627 1005527
3628 1005530
3629 1005531
3630 1005532
3631 1005534
3632 1005535
3633 1005536
3634 1005537
3635 1005539
3636 1005540
3637 1005541
3638 1005544
3639 1005545
3640 1005546
3641 1005547
3642 1005548
3643 1005549
3644 1005552
3645 1005554
3646 1005555
3647 1005558
3648 1005559
3649 1005560
3650 1005561
3651 1005566
3652 1005569
3653 1005572
3654 1005573
3655 1005575
3656 1005578
3657 1005579
3658 1005582
3659 1005583
3660 1005584
3661 1005586
3662 1005587
3663 1005588
3664 1005589
3665 1005590
3666 1005594
3667 1005595
3668 1005598
3669 1005599
3670 1005603
3671 1005606
3672 1005607
3673 1005608
3674 1005609
3675 1005610
3676 1005611
3677 1005612
3678 1005614
3679 1005615
3680 1005616
3681 1005617
3682 1005619
3683 1005621
3684 1005622
3685 1005623
3686 1005624
3687 1005625
3688 1005626
3689 1005627
3690 1005633
3691 1005634
3692 1005635
3693 1005636
3694 1005638
3695 1005640
3696 1005641
3697 1005643
3698 1005644
3699 1005645
3700 1005647
3701 1005649
3702 1005650
3703 1005653
3704 1005654
3705 1005655
3706 1005657
3707 1005659
3708 1005662
3709 1005664
3710 1005666
3711 1005667
3712 1005669
3713 1005671
3714 1005674
3715 1005675
3716 1005677
3717 1005681
3718 1005682
3719 1005684
3720 1005686
3721 1005687
3722 1005688
3723 1005691
3724 1005692
3725 1005693
3726 1005695
3727 1005696
3728 1005697
3729 1005698
3730 1005701
3731 1005703
3732 1005704
3733 1005705
3734 1005707
3735 1005708
3736 1005709
3737 1005710
3738 1005713
3739 1005714
3740 1005715
3741 1005716
3742 1005717
3743 1005719
3744 1005720
3745 1005721
3746 1005722
3747 1005723
3748 1005724
3749 1005725
3750 1005726
3751 1005727
3752 1005729
3753 1005733
3754 1005734
3755 1005735
3756 1005736
3757 1005739
3758 1005740
3759 1005741
3760 1005744
3761 1005745
3762 1005747
3763 1005748
3764 1005749
3765 1005750
3766 1005752
3767 1005757
3768 1005758
3769 1005761
3770 1005762
3771 1005763
3772 1005764
3773 1005765
3774 1005766
3775 1005767
3776 1005768
3777 1005769
3778 1005770
3779 1005771
3780 1005773
3781 1005774
3782 1005775
3783 1005777
3784 1005780
3785 1005781
3786 1005782
3787 1005784
3788 1005785
3789 1005786
3790 1005787
3791 1005789
3792 1005790
3793 1005792
3794 1005793
3795 1005794
3796 1005798
3797 1005799
3798 1005800
3799 1005801
3800 1005802
3801 1005804
3802 1005806
3803 1005807
3804 1005808
3805 1005809
3806 1005810
3807 1005811
3808 1005812
3809 1005813
3810 1005814
3811 1005815
3812 1005816
3813 1005817
3814 1005818
3815 1005821
3816 1005822
3817 1005823
3818 1005824
3819 1005826
3820 1005827
3821 1005828
3822 1005829
3823 1005830
3824 1005832
3825 1005833
3826 1005834
3827 1005835
3828 1005836
3829 1005837
3830 1005839
3831 1005840
3832 1005841
3833 1005843
3834 1005845
3835 1005846
3836 1005847
3837 1005848
3838 1005849
3839 1005850
3840 1005852
3841 1005853
3842 1005854
3843 1005855
3844 1005856
3845 1005857
3846 1005859
3847 1005861
3848 1005862
3849 1005864
3850 1005865
3851 1005866
3852 1005869
3853 1005870
3854 1005873
3855 1005874
3856 1005875
3857 1005879
3858 1005880
3859 1005881
3860 1005882
3861 1005883
3862 1005884
3863 1005887
3864 1005888
3865 1005889
3866 1005890
3867 1005891
3868 1005893
3869 1005894
3870 1005897
3871 1005901
3872 1005907
3873 1005911
3874 1005918
3875 1005919
3876 1005920
3877 1005922
3878 1005923
3879 1005932
3880 1005933
3881 1005934
3882 1005938
3883 1005939
3884 1005950
3885 1005953
3886 1005954
3887 1005956
3888 1005958
3889 1005959
3890 1005960
3891 1005968
3892 1005973
3893 1005975
3894 1005979
3895 1005980
3896 1005981
3897 1005982
3898 1005985
3899 1005987
3900 1005989
3901 1005990
3902 1005992
3903 1005993
3904 1005995
3905 1006000
3906 1006005
3907 1006007
3908 1006008
3909 1006010
3910 1006011
3911 1006013
3912 1006020
3913 1006022
3914 1006026
3915 1006030
3916 1006032
3917 1006033
3918 1006034
3919 1006036
3920 1006038
3921 1006043
3922 1006051
3923 1006052
3924 1006053
3925 1006054
3926 1006055
3927 1006056
3928 1006057
3929 1006059
3930 1006061
3931 1006064
3932 1006065
3933 1006069
3934 1006073
3935 1006074
3936 1006076
3937 1006079
3938 1006087
3939 1006088
3940 1006089
3941 1006090
3942 1006092
3943 1006093
3944 1006096
3945 1006098
3946 1006099
3947 1006100
3948 1006101
3949 1006106
3950 1006107
3951 1006108
3952 1006110
3953 1006114
3954 1006118
3955 1006120
3956 1006121
3957 1006129
3958 1006132
3959 1006134
3960 1006139
3961 1006146
3962 1006150
3963 1006153
3964 1006155
3965 1006157
3966 1006159
3967 1006160
3968 1006162
3969 1006163
3970 1006170
3971 1006174
3972 1006175
3973 1006176
3974 1006177
3975 1006178
3976 1006179
3977 1006183
3978 1006188
3979 1006198
3980 1006199
3981 1006200
3982 1006201
3983 1006202
3984 1006203
3985 1006204
3986 1006208
3987 1006209
3988 1006210
3989 1006212
3990 1006219
3991 1006220
3992 1006236
3993 1006237
3994 1006238
3995 1006241
3996 1006247
3997 1006250
3998 1006253
3999 1006258
4000 1006259
4001 1006261
4002 1006264
4003 1006272
4004 1006277
4005 1006282
4006 1006283
4007 1006285
4008 1006287
4009 1006288
4010 1006289
4011 1006293
4012 1006294
4013 1006297
4014 1006298
4015 1006302
4016 1006306
4017 1006308
4018 1006312
4019 1006315
4020 1006319
4021 1006324
4022 1006325
4023 1006326
4024 1006327
4025 1006328
4026 1006330
4027 1006333
4028 1006336
4029 1006337
4030 1006340
4031 1006341
4032 1006346
4033 1006351
4034 1006352
4035 1006353
4036 1006356
4037 1006357
4038 1006363
4039 1006365
4040 1006366
4041 1006373
4042 1006377
4043 1006379
4044 1006381
4045 1006382
4046 1006385
4047 1006387
4048 1006388
4049 1006389
4050 1006394
4051 1006396
4052 1006400
4053 1006402
4054 1006403
4055 1006405
4056 1006406
4057 1006410
4058 1006415
4059 1006416
4060 1006424
4061 1006427
4062 1006428
4063 1006429
4064 1006431
4065 1006435
4066 1006436
4067 1006437
4068 1006439
4069 1006440
4070 1006443
4071 1006447
4072 1006452
4073 1006463
4074 1006465
4075 1006467
4076 1006470
4077 1006472
4078 1006478
4079 1006479
4080 1006481
4081 1006483
4082 1006486
4083 1006488
4084 1006493
4085 1006497
4086 1006498
4087 1006500
4088 1006502
4089 1006505
4090 1006506
4091 1006513
4092 1006518
4093 1006524
4094 1006530
4095 1006532
4096 1006534
4097 1006537
4098 1006538
4099 1006541
4100 1006542
4101 1006543
4102 1006546
4103 1006547
4104 1006554
4105 1006555
4106 1006559
4107 1006560
4108 1006561
4109 1006563
4110 1006564
4111 1006568
4112 1006573
4113 1006575
4114 1006577
4115 1006585
4116 1006587
4117 1006590
4118 1006596
4119 1006599
4120 1006600
4121 1006601
4122 1006605
4123 1006607
4124 1006609
4125 1006610
4126 1006612
4127 1006614
4128 1006617
4129 1006619
4130 1006620
4131 1006628
4132 1006629
4133 1006631
4134 1006633
4135 1006637
4136 1006645
4137 1006652
4138 1006653
4139 1006656
4140 1006657
4141 1006659
4142 1006662
4143 1006663
4144 1006666
4145 1006670
4146 1006671
4147 1006673
4148 1006678
4149 1006679
4150 1006682
4151 1006686
4152 1006689
4153 1006692
4154 1006693
4155 1006694
4156 1006696
4157 1006700
4158 1006704
4159 1006706
4160 1006716
4161 1006717
4162 1006720
4163 1006721
4164 1006726
4165 1006727
4166 1006728
4167 1006730
4168 1006731
4169 1006733
4170 1006735
4171 1006736
4172 1006737
4173 1006740
4174 1006743
4175 1006745
4176 1006749
4177 1006751
4178 1006752
4179 1006759
4180 1006761
4181 1006769
4182 1006770
4183 1006773
4184 1006774
4185 1006777
4186 1006779
4187 1006780
4188 1006783
4189 1006784
4190 1006785
4191 1006789
4192 1006791
4193 1006796
4194 1006797
4195 1006799
4196 1006800
4197 1006801
4198 1006805
4199 1006806
4200 1006808
4201 1006809
4202 1006810
4203 1006811
4204 1006818
4205 1006820
4206 1006822
4207 1006825
4208 1006827
4209 1006828
4210 1006829
4211 1006831
4212 1006834
4213 1006835
4214 1006836
4215 1006837
4216 1006843
4217 1006844
4218 1006845
4219 1006849
4220 1006852
4221 1006853
4222 1006855
4223 1006857
4224 1006858
4225 1006860
4226 1006862
4227 1006865
4228 1006866
4229 1006877
4230 1006879
4231 1006880
4232 1006881
4233 1006882
4234 1006890
4235 1006896
4236 1006897
4237 1006901
4238 1006903
4239 1006905
4240 1006907
4241 1006910
4242 1006914
4243 1006915
4244 1006917
4245 1006918
4246 1006919
4247 1006921
4248 1006925
4249 1006927
4250 1006929
4251 1006930
4252 1006931
4253 1006936
4254 1006937
4255 1006939
4256 1006940
4257 1006941
4258 1006943
4259 1006945
4260 1006946
4261 1006947
4262 1006949
4263 1006952
4264 1006954
4265 1006955
4266 1006957
4267 1006961
4268 1006967
4269 1006969
4270 1006972
4271 1006976
4272 1006979
4273 1006982
4274 1006988
4275 1006989
4276 1006997
4277 1006998
4278 1007001
4279 1007003
4280 1007005
4281 1007006
4282 1007007
4283 1007011
4284 1007012
4285 1007015
4286 1007019
4287 1007020
4288 1007025
4289 1007026
4290 1007028
4291 1007031
4292 1007033
4293 1007035
4294 1007037
4295 1007040
4296 1007041
4297 1007046
4298 1007048
4299 1007049
4300 1007050
4301 1007060
4302 1007061
4303 1007062
4304 1007064
4305 1007065
4306 1007066
4307 1007068
4308 1007072
4309 1007073
4310 1007076
4311 1007078
4312 1007079
4313 1007080
4314 1007081
4315 1007082
4316 1007086
4317 1007092
4318 1007093
4319 1007094
4320 1007095
4321 1007097
4322 1007099
4323 1007100
4324 1007101
4325 1007102
4326 1007105
4327 1007106
4328 1007110
4329 1007112
4330 1007115
4331 1007117
4332 1007118
4333 1007119
4334 1007121
4335 1007123
4336 1007128
4337 1007132
4338 1007133
4339 1007135
4340 1007141
4341 1007146
4342 1007151
4343 1007156
4344 1007160
4345 1007166
4346 1007167
4347 1007169
4348 1007171
4349 1007174
4350 1007175
4351 1007180
4352 1007183
4353 1007194
4354 1007196
4355 1007198
4356 1007205
4357 1007209
4358 1007214
4359 1007218
4360 1007221
4361 1007222
4362 1007226
4363 1007227
4364 1007228
4365 1007229
4366 1007236
4367 1007237
4368 1007239
4369 1007240
4370 1007242
4371 1007244
4372 1007245
4373 1007246
4374 1007247
4375 1007251
4376 1007261
4377 1007264
4378 1007267
4379 1007268
4380 1007269
4381 1007270
4382 1007271
4383 1007272
4384 1007281
4385 1007282
4386 1007284
4387 1007286
4388 1007287
4389 1007294
4390 1007295
4391 1007297
4392 1007300
4393 1007304
4394 1007307
4395 1007308
4396 1007309
4397 1007310
4398 1007313
4399 1007318
4400 1007321
4401 1007322
4402 1007323
4403 1007325
4404 1007331
4405 1007332
4406 1007335
4407 1007336
4408 1007339
4409 1007343
4410 1007345
4411 1007346
4412 1007351
4413 1007352
4414 1007355
4415 1007360
4416 1007363
4417 1007368
4418 1007370
4419 1007371
4420 1007372
4421 1007373
4422 1007375
4423 1007377
4424 1007378
4425 1007380
4426 1007382
4427 1007389
4428 1007398
4429 1007401
4430 1007402
4431 1007404
4432 1007406
4433 1007407
4434 1007409
4435 1007410
4436 1007414
4437 1007415
4438 1007416
4439 1007417
4440 1007420
4441 1007422
4442 1007426
4443 1007427
4444 1007433
4445 1007435
4446 1007437
4447 1007438
4448 1007451
4449 1007457
4450 1007461
4451 1007462
4452 1007464
4453 1007468
4454 1007469
4455 1007472
4456 1007474
4457 1007475
4458 1007477
4459 1007478
4460 1007488
4461 1007491
4462 1007493
4463 1007495
4464 1007496
4465 1007497
4466 1007498
4467 1007499
4468 1007501
4469 1007504
4470 1007507
4471 1007508
4472 1007509
4473 1007512
4474 1007514
4475 1007520
4476 1007521
4477 1007523
4478 1007524
4479 1007525
4480 1007527
4481 1007528
4482 1007530
4483 1007531
4484 1007535
4485 1007539
4486 1007542
4487 1007543
4488 1007545
4489 1007546
4490 1007547
4491 1007550
4492 1007552
4493 1007553
4494 1007558
4495 1007559
4496 1007561
4497 1007564
4498 1007568
4499 1007571
4500 1007573
4501 1007575
4502 1007584
4503 1007585
4504 1007587
4505 1007591
4506 1007593
4507 1007595
4508 1007597
4509 1007605
4510 1007607
4511 1007615
4512 1007617
4513 1007619
4514 1007621
4515 1007626
4516 1007628
4517 1007630
4518 1007632
4519 1007634
4520 1007638
4521 1007640
4522 1007644
4523 1007645
4524 1007649
4525 1007650
4526 1007652
4527 1007653
4528 1007657
4529 1007679
4530 1007681
4531 1007694
4532 1007699
4533 1007702
4534 1007707
4535 1007718
4536 1007724
4537 1007734
4538 1007736
4539 1007748
4540 1007750
4541 1007752
4542 1007753
4543 1007757
4544 1007760
4545 1007762
4546 1007763
4547 1007765
4548 1007770
4549 1007771
4550 1007779
4551 1007780
4552 1007783
4553 1007785
4554 1007787
4555 1007788
4556 1007794
4557 1007795
4558 1007801
4559 1007802
4560 1007804
4561 1007806
4562 1007809
4563 1007819
4564 1007833
4565 1007838
4566 1007840
4567 1007841
4568 1007844
4569 1007845
4570 1007847
4571 1007856
4572 1007858
4573 1007860
4574 1007869
4575 1007873
4576 1007874
4577 1007882
4578 1007883
4579 1007888
4580 1007890
4581 1007894
4582 1007898
4583 1007902
4584 1007907
4585 1007908
4586 1007910
4587 1007911
4588 1007921
4589 1007922
4590 1007924
4591 1007927
4592 1007933
4593 1007934
4594 1007937
4595 1007941
4596 1007950
4597 1007952
4598 1007955
4599 1007961
4600 1007973
4601 1007986
4602 1007988
4603 1007991
4604 1007992
4605 1007994
4606 1007999
4607 1008001
4608 1008009
4609 1008012
4610 1008013
4611 1008015
4612 1008020
4613 1008023
4614 1008024
4615 1008025
4616 1008029
4617 1008030
4618 1008031
4619 1008032
4620 1008035
4621 1008036
4622 1008039
4623 1008040
4624 1008041
4625 1008045
4626 1008047
4627 1008050
4628 1008052
4629 1008053
4630 1008056
4631 1008059
4632 1008061
4633 1008063
4634 1008064
4635 1008065
4636 1008066
4637 1008067
4638 1008068
4639 1008070
4640 1008075
4641 1008076
4642 1008081
4643 1008082
4644 1008083
4645 1008085
4646 1008086
4647 1008094
4648 1008095
4649 1008097
4650 1008098
4651 1008099
4652 1008100
4653 1008109
4654 1008111
4655 1008112
4656 1008113
4657 1008118
4658 1008119
4659 1008123
4660 1008127
4661 1008128
4662 1008130
4663 1008131
4664 1008133
4665 1008135
4666 1008138
4667 1008139
4668 1008144
4669 1008150
4670 1008155
4671 1008157
4672 1008158
4673 1008162
4674 1008163
4675 1008166
4676 1008168
4677 1008169
4678 1008171
4679 1008172
4680 1008177
4681 1008181
4682 1008183
4683 1008184
4684 1008185
4685 1008187
4686 1008191
4687 1008193
4688 1008194
4689 1008196
4690 1008197
4691 1008202
4692 1008203
4693 1008207
4694 1008213
4695 1008216
4696 1008217
4697 1008222
4698 1008224
4699 1008225
4700 1008231
4701 1008232
4702 1008233
4703 1008237
4704 1008239
4705 1008240
4706 1008248
4707 1008254
4708 1008255
4709 1008256
4710 1008257
4711 1008259
4712 1008261
4713 1008263
4714 1008266
4715 1008269
4716 1008270
4717 1008277
4718 1008279
4719 1008280
4720 1008283
4721 1008284
4722 1008290
4723 1008291
4724 1008295
4725 1008297
4726 1008299
4727 1008300
4728 1008302
4729 1008303
4730 1008304
4731 1008310
4732 1008311
4733 1008315
4734 1008319
4735 1008322
4736 1008323
4737 1008332
4738 1008333
4739 1008335
4740 1008337
4741 1008338
4742 1008341
4743 1008345
4744 1008346
4745 1008348
4746 1008352
4747 1008354
4748 1008355
4749 1008361
4750 1008362
4751 1008363
4752 1008364
4753 1008365
4754 1008367
4755 1008368
4756 1008373
4757 1008375
4758 1008378
4759 1008385
4760 1008388
4761 1008389
4762 1008390
4763 1008392
4764 1008394
4765 1008395
4766 1008397
4767 1008398
4768 1008401
4769 1008402
4770 1008405
4771 1008409
4772 1008410
4773 1008411
4774 1008412
4775 1008417
4776 1008423
4777 1008425
4778 1008426
4779 1008427
4780 1008428
4781 1008430
4782 1008433
4783 1008438
4784 1008439
4785 1008452
4786 1008457
4787 1008461
4788 1008464
4789 1008469
4790 1008471
4791 1008475
4792 1008477
4793 1008481
4794 1008482
4795 1008483
4796 1008488
4797 1008491
4798 1008492
4799 1008495
4800 1008496
4801 1008497
4802 1008498
4803 1008503
4804 1008504
4805 1008506
4806 1008507
4807 1008510
4808 1008511
4809 1008512
4810 1008515
4811 1008516
4812 1008526
4813 1008531
4814 1008532
4815 1008537
4816 1008541
4817 1008542
4818 1008543
4819 1008548
4820 1008549
4821 1008551
4822 1008554
4823 1008555
4824 1008557
4825 1008558
4826 1008560
4827 1008563
4828 1008574
4829 1008578
4830 1008582
4831 1008583
4832 1008584
4833 1008586
4834 1008588
4835 1008589
4836 1008590
4837 1008593
4838 1008594
4839 1008596
4840 1008600
4841 1008602
4842 1008611
4843 1008615
4844 1008621
4845 1008622
4846 1008623
4847 1008624
4848 1008628
4849 1008629
4850 1008630
4851 1008637
4852 1008642
4853 1008643
4854 1008644
4855 1008645
4856 1008653
4857 1008655
4858 1008661
4859 1008662
4860 1008665
4861 1008675
4862 1008678
4863 1008680
4864 1008681
4865 1008682
4866 1008683
4867 1008684
4868 1008688
4869 1008690
4870 1008692
4871 1008694
4872 1008699
4873 1008701
4874 1008702
4875 1008704
4876 1008711
4877 1008713
4878 1008714
4879 1008716
4880 1008717
4881 1008720
4882 1008722
4883 1008723
4884 1008730
4885 1008732
4886 1008733
4887 1008735
4888 1008736
4889 1008738
4890 1008740
4891 1008742
4892 1008744
4893 1008745
4894 1008752
4895 1008755
4896 1008756
4897 1008758
4898 1008759
4899 1008770
4900 1008773
4901 1008774
4902 1008775
4903 1008776
4904 1008778
4905 1008782
4906 1008783
4907 1008787
4908 1008790
4909 1008793
4910 1008795
4911 1008797
4912 1008804
4913 1008812
4914 1008814
4915 1008816
4916 1008818
4917 1008822
4918 1008824
4919 1008826
4920 1008828
4921 1008829
4922 1008833
4923 1008835
4924 1008838
4925 1008842
4926 1008848
4927 1008854
4928 1008855
4929 1008856
4930 1008857
4931 1008858
4932 1008860
4933 1008861
4934 1008862
4935 1008868
4936 1008871
4937 1008874
4938 1008875
4939 1008877
4940 1008879
4941 1008880
4942 1008881
4943 1008886
4944 1008891
4945 1008893
4946 1008894
4947 1008896
4948 1008900
4949 1008901
4950 1008903
4951 1008905
4952 1008906
4953 1008910
4954 1008918
4955 1008923
4956 1008936
4957 1008942
4958 1008944
4959 1008948
4960 1008951
4961 1008958
4962 1008961
4963 1008963
4964 1008965
4965 1008967
4966 1008973
4967 1008986
4968 1008987
4969 1009004
4970 1009005
4971 1009010
4972 1009016
4973 1009018
4974 1009020
4975 1009021
4976 1009022
4977 1009027
4978 1009028
4979 1009035
4980 1009040
4981 1009041
4982 1009044
4983 1009061
4984 1009075
4985 1009076
4986 1009087
4987 1009089
4988 1009095
4989 1009099
4990 1009102
4991 1009103
4992 1009105
4993 1009106
4994 1009107
4995 1009111
4996 1009117
4997 1009119
4998 1009121
4999 1009136
5000 1009167
5001 1009173
5002 1009174
5003 1009180
5004 1009181
5005 1009184
5006 1009191
5007 1009193
5008 1009202
5009 1009224
5010 1009226
5011 1009235
5012 1009244
5013 1009250
5014 1009252
5015 1009259
5016 1009261
5017 1009262
5018 1009270
5019 1009282
5020 1009289
5021 1009294
5022 1009319
5023 1009320
5024 1009322
5025 1009333
5026 1009336
5027 1009351
5028 1009358
5029 1009360
5030 1009368
5031 1009370
5032 1009379
5033 1009380
5034 1009389
5035 1009400
5036 1009401
5037 1009406
5038 1009408
5039 1009417
5040 1009418
5041 1009425
5042 1009429
5043 1009431
5044 1009445
5045 1009446
5046 1009451
5047 1009452
5048 1009459
5049 1009465
5050 1009477
5051 1009487
5052 1009492
5053 1009493
5054 1009514
5055 1009517
5056 1009531
5057 1009532
5058 1009533
5059 1009535
5060 1009536
5061 1009553
5062 1009554
5063 1009555
5064 1009558
5065 1009561
5066 1009564
5067 1009573
5068 1009574
5069 1009580
5070 1009582
5071 1009583
5072 1009584
5073 1009592
5074 1009593
5075 1009598
5076 1009604
5077 1009606
5078 1009607
5079 1009621
5080 1009632
5081 1009633
5082 1009641
5083 1009646
5084 1009653
5085 1009656
5086 1009658
5087 1009660
5088 1009665
5089 1009666
5090 1009667
5091 1009672
5092 1009678
5093 1009679
5094 1009689
5095 1009691
5096 1009692
5097 1009695
5098 1009697
5099 1009699
5100 1009700
5101 1009703
5102 1009706
5103 1009714
5104 1009715
5105 1009720
5106 1009723
5107 1009725
5108 1009741
5109 1009753
5110 1009756
5111 1009757
5112 1009761
5113 1009764
5114 1009768
5115 1009774
5116 1009777
5117 1009786
5118 1009787
5119 1009789
5120 1009795
5121 1009796
5122 1009798
5123 1009802
5124 1009806
5125 1009813
5126 1009822
5127 1009823
5128 1009833
5129 1009841
5130 1009845
5131 1009847
